
  0.11656015   0.00000008   0.02399969   0.00000057   0.00003853   0.85940099 
  0.45903102   0.00000925   0.15778767   0.00050035   0.00000767   0.38266402 
  0.17136233   0.00000067   0.12394463   0.00008889   0.00000687   0.70459664 
  0.11379319   0.00000054   0.00799929   0.00001675   0.00000634   0.87818384 
  0.15815856   0.00000417   0.15254004   0.00001240   0.00010427   0.68918055 
  0.14669867   0.00000179   0.05310618   0.00000029   0.00001530   0.80017781 
  0.02857098   0.00000025   0.02534903   0.00000095   0.00000043   0.94607836 
  0.27540338   0.00001971   0.08808199   0.00001438   0.00028363   0.63619685 
  0.01954034   0.00015152   0.40284523   0.00054781   0.00008145   0.57683367 
  0.04840489   0.00000332   0.86883479   0.00000026   0.00001066   0.08274607 
  0.28479183   0.00000270   0.45981100   0.00000593   0.00000231   0.25538629 
  0.14775836   0.00000062   0.55294049   0.00001939   0.00000068   0.29928052 
  0.22727567   0.00000191   0.47549573   0.00003544   0.00000785   0.29718351 
  0.09492523   0.00000277   0.01663837   0.00000748   0.00004382   0.88838232 
  0.05362702   0.00000842   0.07902997   0.00006612   0.00057907   0.86668944 
  0.11125065   0.00004713   0.30490562   0.00050824   0.00014959   0.58313876 
  0.19783668   0.00000051   0.09461487   0.00002011   0.00000011   0.70752770 
  0.05105980   0.00000042   0.01681528   0.00009494   0.00000041   0.93202913 
  0.04185882   0.00000028   0.00320350   0.00001382   0.00000010   0.95492345 
  0.21954980   0.00000071   0.04563521   0.00000005   0.00279400   0.73202026 
  0.09931604   0.00000007   0.08576692   0.00009733   0.00000162   0.81481797 
  0.40032536   0.00000386   0.02928180   0.00002707   0.00422139   0.56614053 
  0.06553478   0.00000516   0.39484674   0.00149630   0.00000513   0.53811198 
  0.10762377   0.00050281   0.71006346   0.00014063   0.00119192   0.18047744 
  0.12223686   0.00008432   0.03760376   0.00033374   0.00009167   0.83964968 
  0.02330226   0.00000222   0.11347502   0.03766024   0.00000016   0.82556009 
  0.07674153   0.00001163   0.06503157   0.00006328   0.00003827   0.85811371 
  0.26410130   0.00000007   0.00825955   0.00000701   0.00000480   0.72762728 
  0.27231613   0.00044704   0.02033242   0.00001346   0.00020533   0.70668566 
  0.02579482   0.00000025   0.11361010   0.00017763   0.00000008   0.86041707 
  0.07351483   0.00000893   0.07612424   0.00012519   0.00000356   0.85022324 
  0.20041898   0.00000027   0.02008758   0.00000151   0.00000830   0.77948332 
  0.03075007   0.00000154   0.00676686   0.00001707   0.00000388   0.96246058 
  0.16811293   0.00000021   0.01570313   0.00010071   0.00000182   0.81608123 
  0.38126630   0.00003108   0.23710449   0.00106764   0.00002389   0.38050658 
  0.10048699   0.00000019   0.03349799   0.00000484   0.00000062   0.86600935 
  0.09207017   0.00001081   0.49050623   0.00078726   0.00000170   0.41662380 
  0.02731946   0.00000076   0.20901927   0.00002253   0.00005645   0.76358157 
  0.01399641   0.00000001   0.06324573   0.00000001   0.00000078   0.92275703 
  0.02101288   0.00000099   0.00350698   0.00008231   0.00000244   0.97539437 
  0.00425563   0.00000290   0.20886923   0.00000189   0.00000017   0.78687024 
  0.10373767   0.00000012   0.12393753   0.00000558   0.00000118   0.77231789 
  0.07483620   0.00000019   0.03366803   0.00005462   0.00000030   0.89144063 
  0.05984098   0.00000112   0.53456515   0.00000004   0.00004075   0.40555188 
  0.46444559   0.00000442   0.29662663   0.00000010   0.00619927   0.23272406 
  0.04387939   0.00000003   0.13930607   0.00001786   0.00000010   0.81679660 
  0.02103308   0.00000577   0.10102437   0.00000288   0.00001987   0.87791401 
  0.31214374   0.00000388   0.00806339   0.00000411   0.00026972   0.67951518 
  0.17799458   0.00080309   0.31146872   0.00020567   0.00004175   0.50948620 
  0.01352755   0.00000025   0.00708648   0.00000220   0.00000011   0.97938341 
  0.11461551   0.00461848   0.09867799   0.00208393   0.00170399   0.77830017 
  0.08848470   0.00000253   0.01175196   0.00004910   0.00001189   0.89969987 
  0.02509745   0.00000889   0.21459091   0.00001916   0.00002649   0.76025712 
  0.11758485   0.00068967   0.14551361   0.00023752   0.00055650   0.73541778 
  0.02399102   0.00000001   0.02207603   0.00014799   0.00000005   0.95378494 
  0.02697985   0.00000505   0.03773400   0.00007919   0.00001486   0.93518704 
  0.08822107   0.00011519   0.24078329   0.00233482   0.00000625   0.66853940 
  0.20432550   0.00000025   0.11331525   0.00001553   0.00000400   0.68233943 
  0.05124569   0.00001779   0.05576691   0.00018310   0.00001480   0.89277172 
  0.01962649   0.00000005   0.95564014   0.00000006   0.00000015   0.02473307 
  0.13406996   0.00007523   0.23686373   0.00004684   0.00003062   0.62891358 
  0.20706807   0.00345542   0.54549176   0.00000443   0.00070841   0.24327198 
  0.20817296   0.00000210   0.05253179   0.00000200   0.00079060   0.73850048 
  0.07729609   0.00001079   0.09608427   0.00014729   0.00001350   0.82644802 
  0.04165148   0.00041599   0.04512389   0.00276353   0.00001593   0.91002917 
  0.16917768   0.00002386   0.18938769   0.00000024   0.00069261   0.64071792 
  0.15012701   0.00000755   0.26963633   0.00015092   0.00001025   0.58006793 
  0.00478435   0.00000028   0.00628739   0.00000633   0.00000009   0.98892152 
  0.16315293   0.00000000   0.16762052   0.00001366   0.00000000   0.66921288 
  0.05181179   0.00000014   0.01387414   0.00000010   0.00000944   0.93430436 
  0.01009975   0.00000013   0.07503817   0.00023612   0.00000005   0.91462576 
  0.06451921   0.00022907   0.11426955   0.01075531   0.00002904   0.81019777 
  0.09454031   0.00000059   0.07655017   0.00006029   0.00000151   0.82884717 
  0.09131217   0.00001594   0.84767795   0.00008031   0.00012544   0.06078823 
  0.61804014   0.00000088   0.03117717   0.00000005   0.00175848   0.34902322 
  0.11519974   0.00000046   0.05541632   0.00000975   0.00000519   0.82936853 
  0.06168819   0.00000218   0.13060656   0.00004064   0.00002289   0.80763954 
  0.08760658   0.00000556   0.10854850   0.00000578   0.00012793   0.80370569 
  0.71529597   0.00000002   0.00094836   0.00031149   0.00000001   0.28344414 
  0.05258834   0.00000001   0.09794732   0.00009781   0.00000006   0.84936643 
  0.00959075   0.00000005   0.21186456   0.00000116   0.00000034   0.77854317 
  0.05067932   0.00001488   0.88278568   0.00000317   0.00016053   0.06635650 
  0.40041915   0.00909843   0.18009239   0.00006460   0.06248622   0.34783921 
  0.07146680   0.00000065   0.00323263   0.00001399   0.00000157   0.92528439 
  0.13825150   0.00000491   0.05575050   0.00001454   0.00009092   0.80588758 
  0.24009861   0.00003804   0.04214782   0.00012707   0.00003934   0.71754909 
  0.12435662   0.00000030   0.06302675   0.00000250   0.00096876   0.81164503 
  0.51536083   0.00001208   0.03132104   0.00014468   0.00000230   0.45315903 
  0.31805339   0.00071245   0.13073187   0.00000298   0.00217372   0.54832554 
  0.09689139   0.00002770   0.01632229   0.00002146   0.00000036   0.88673681 
  0.05234722   0.00000354   0.02500248   0.00000467   0.00004408   0.92259800 
  0.29206458   0.00000166   0.01480566   0.00026721   0.00000038   0.69286048 
  0.02753541   0.00000006   0.27526146   0.00000047   0.00000014   0.69720244 
  0.12481764   0.02004531   0.15860637   0.00045670   0.01708116   0.67899281 
  0.12323090   0.00000044   0.14709546   0.00004044   0.00000106   0.72963172 
  0.30327320   0.00000009   0.00992499   0.00000109   0.00001097   0.68678963 
  0.18050663   0.00001805   0.03625011   0.00000225   0.00107683   0.78214616 
  0.55680108   0.00000000   0.00938699   0.00000055   0.00001778   0.43379357 
  0.05558066   0.00003585   0.76930320   0.00006406   0.00000146   0.17501479 
  0.22091879   0.00000309   0.07576796   0.00000992   0.00003611   0.70326412 